303 125
322 123
303 126
322 126
293 165
295 160
331 160
272 188
282 188
305 171
334 168
336 173
82 208
84 208
233 209
272 201
276 192
308 206
334 189
344 193
366 202
398 206
399 206
482 199
484 199
511 207
525 207
546 207
567 207
588 207
609 207
630 207
80 211
95 226
106 230
143 224
151 223
249 215
252 215
290 214
313 215
318 212
356 224
357 225
395 227
405 230
438 230
460 229
478 228
490 225
508 217
525 210
546 210
567 210
588 210
609 210
630 210
48 251
67 249
89 232
112 232
129 235
164 236
169 243
207 240
212 239
235 234
260 250
292 251
310 247
316 247
354 248
358 251
393 234
405 231
421 232
441 231
467 232
503 231
510 233
525 240
546 240
567 240
588 240
609 240
630 240
38 269
47 259
65 252
103 260
107 261
131 252
158 271
172 272
193 269
229 267
243 263
260 252
292 252
300 253
317 252
353 252
358 252
388 262
407 266
424 266
452 263
481 261
494 260
506 264
525 254
546 254
567 254
588 254
609 254
630 254
38 273
53 275
65 274
104 281
117 284
126 278
157 273
170 277
193 273
216 273
235 280
260 281
285 273
295 287
320 274
356 278
366 293
392 277
407 277
426 273
452 274
471 273
503 273
504 273
525 273
546 273
567 273
588 273
609 273
630 273
20 299
23 302
42 294
78 297
84 297
105 307
127 297
157 294
184 314
189 314
210 296
231 294
260 294
282 314
302 302
315 302
356 303
366 294
382 299
418 310
439 308
441 309
462 297
487 294
505 302
22 325
42 327
68 329
99 315
105 315
126 315
151 315
175 315
195 322
213 315
232 322
260 316
273 328
304 315
335 325
336 325
357 315
393 319
417 329
430 323
445 328
468 315
503 315
506 316
525 317
546 317
567 317
588 317
609 317
630 317
5 348
22 336
42 339
78 336
84 336
112 336
129 349
149 336
186 339
194 336
212 336
235 350
260 350
290 349
305 344
317 336
356 352
367 345
390 337
399 342
423 336
449 343
479 339
495 356
508 346
1 374
21 357
43 377
83 366
84 365
108 357
134 357
157 357
180 357
194 357
230 377
235 357
260 357
274 370
294 357
335 362
340 376
357 359
386 362
406 370
429 360
455 360
479 357
487 358
505 357
1 378
31 384
43 378
83 378
84 378
106 394
138 395
157 394
180 394
201 394
215 386
235 391
252 380
287 383
294 388
330 384
336 393
368 394
378 394
410 384
433 392
445 392
463 384
483 397
509 378
525 378
546 378
567 378
588 378
609 378
630 378
7 400
38 400
42 400
68 399
84 400
120 399
143 401
147 401
168 401
189 401
221 399
236 401
255 400
274 400
314 400
315 400
346 400
371 400
392 399
399 399
420 399
441 399
462 399
488 399
506 402
525 402
546 402
567 402
588 402
609 402
630 402
504 433
503 460
509 441
230 479
458 464
489 477
